     -7.50000000e-06     -7.50000000e-05     -1.18250000e-03      2.50000000e-04
     -7.50000000e-05     -7.50000000e-06     -1.18250000e-03      2.50000000e-04
     -7.50000000e-06     -7.50000000e-06     -1.18250000e-03      2.50000000e-04
      6.00000000e-05     -7.50000000e-06     -1.18250000e-03      2.50000000e-04
     -7.50000000e-06      6.00000000e-05     -1.18250000e-03      2.50000000e-04
     -7.50000000e-05     -7.50000000e-05     -1.11500000e-03      2.50000000e-04
     -7.50000000e-06     -7.50000000e-05     -1.11500000e-03      2.50000000e-04
      6.00000000e-05     -7.50000000e-05     -1.11500000e-03      2.50000000e-04
     -7.50000000e-05     -7.50000000e-06     -1.11500000e-03      2.50000000e-04
     -7.50000000e-06     -7.50000000e-06     -1.11500000e-03      2.50000000e-04
      6.00000000e-05     -7.50000000e-06     -1.11500000e-03      2.50000000e-04
     -7.50000000e-05      6.00000000e-05     -1.11500000e-03      2.50000000e-04
     -7.50000000e-06      6.00000000e-05     -1.11500000e-03      2.50000000e-04
      6.00000000e-05      6.00000000e-05     -1.11500000e-03      2.50000000e-04
     -7.50000000e-05     -7.50000000e-05     -1.04750000e-03      2.50000000e-04
     -7.50000000e-06     -7.50000000e-05     -1.04750000e-03      2.50000000e-04
      6.00000000e-05     -7.50000000e-05     -1.04750000e-03      2.50000000e-04
     -7.50000000e-05     -7.50000000e-06     -1.04750000e-03      2.50000000e-04
     -7.50000000e-06     -7.50000000e-06     -1.04750000e-03      2.50000000e-04
      6.00000000e-05     -7.50000000e-06     -1.04750000e-03      2.50000000e-04
      1.27500000e-04     -7.50000000e-06     -1.04750000e-03      2.50000000e-04
     -7.50000000e-05      6.00000000e-05     -1.04750000e-03      2.50000000e-04
     -7.50000000e-06      6.00000000e-05     -1.04750000e-03      2.50000000e-04
      6.00000000e-05      6.00000000e-05     -1.04750000e-03      2.50000000e-04
     -7.50000000e-06      1.27500000e-04     -1.04750000e-03      2.50000000e-04
     -7.50000000e-06     -1.42500000e-04     -9.80000000e-04      2.50000000e-04
      6.00000000e-05     -1.42500000e-04     -9.80000000e-04      2.50000000e-04
     -7.50000000e-05     -7.50000000e-05     -9.80000000e-04      2.50000000e-04
     -7.50000000e-06     -7.50000000e-05     -9.80000000e-04      2.50000000e-04
      6.00000000e-05     -7.50000000e-05     -9.80000000e-04      2.50000000e-04
      1.27500000e-04     -7.50000000e-05     -9.80000000e-04      2.50000000e-04
     -1.42500000e-04     -7.50000000e-06     -9.80000000e-04      2.50000000e-04
     -7.50000000e-05     -7.50000000e-06     -9.80000000e-04      2.50000000e-04
     -7.50000000e-06     -7.50000000e-06     -9.80000000e-04      2.50000000e-04
      6.00000000e-05     -7.50000000e-06     -9.80000000e-04      2.50000000e-04
      1.27500000e-04     -7.50000000e-06     -9.80000000e-04      2.50000000e-04
     -1.42500000e-04      6.00000000e-05     -9.80000000e-04      2.50000000e-04
     -7.50000000e-05      6.00000000e-05     -9.80000000e-04      2.50000000e-04
     -7.50000000e-06      6.00000000e-05     -9.80000000e-04      2.50000000e-04
      6.00000000e-05      6.00000000e-05     -9.80000000e-04      2.50000000e-04
      1.27500000e-04      6.00000000e-05     -9.80000000e-04      2.50000000e-04
     -7.50000000e-05      1.27500000e-04     -9.80000000e-04      2.50000000e-04
     -7.50000000e-06      1.27500000e-04     -9.80000000e-04      2.50000000e-04
      6.00000000e-05      1.27500000e-04     -9.80000000e-04      2.50000000e-04
     -7.50000000e-05     -1.42500000e-04     -9.12500000e-04      2.50000000e-04
     -7.50000000e-06     -1.42500000e-04     -9.12500000e-04      2.50000000e-04
      6.00000000e-05     -1.42500000e-04     -9.12500000e-04      2.50000000e-04
     -1.42500000e-04     -7.50000000e-05     -9.12500000e-04      2.50000000e-04
     -7.50000000e-05     -7.50000000e-05     -9.12500000e-04      2.50000000e-04
     -7.50000000e-06     -7.50000000e-05     -9.12500000e-04      2.50000000e-04
      6.00000000e-05     -7.50000000e-05     -9.12500000e-04      2.50000000e-04
      1.27500000e-04     -7.50000000e-05     -9.12500000e-04      2.50000000e-04
     -1.42500000e-04     -7.50000000e-06     -9.12500000e-04      2.50000000e-04
     -7.50000000e-05     -7.50000000e-06     -9.12500000e-04      2.50000000e-04
     -7.50000000e-06     -7.50000000e-06     -9.12500000e-04      2.50000000e-04
      6.00000000e-05     -7.50000000e-06     -9.12500000e-04      2.50000000e-04
      1.27500000e-04     -7.50000000e-06     -9.12500000e-04      2.50000000e-04
     -1.42500000e-04      6.00000000e-05     -9.12500000e-04      2.50000000e-04
     -7.50000000e-05      6.00000000e-05     -9.12500000e-04      2.50000000e-04
     -7.50000000e-06      6.00000000e-05     -9.12500000e-04      2.50000000e-04
      6.00000000e-05      6.00000000e-05     -9.12500000e-04      2.50000000e-04
      1.27500000e-04      6.00000000e-05     -9.12500000e-04      2.50000000e-04
     -7.50000000e-05      1.27500000e-04     -9.12500000e-04      2.50000000e-04
     -7.50000000e-06      1.27500000e-04     -9.12500000e-04      2.50000000e-04
      6.00000000e-05      1.27500000e-04     -9.12500000e-04      2.50000000e-04
     -7.50000000e-05     -1.42500000e-04     -8.45000000e-04      2.50000000e-04
     -7.50000000e-06     -1.42500000e-04     -8.45000000e-04      2.50000000e-04
      6.00000000e-05     -1.42500000e-04     -8.45000000e-04      2.50000000e-04
     -1.42500000e-04     -7.50000000e-05     -8.45000000e-04      2.50000000e-04
     -7.50000000e-05     -7.50000000e-05     -8.45000000e-04      2.50000000e-04
     -7.50000000e-06     -7.50000000e-05     -8.45000000e-04      2.50000000e-04
      6.00000000e-05     -7.50000000e-05     -8.45000000e-04      2.50000000e-04
      1.27500000e-04     -7.50000000e-05     -8.45000000e-04      2.50000000e-04
     -1.42500000e-04     -7.50000000e-06     -8.45000000e-04      2.50000000e-04
     -7.50000000e-05     -7.50000000e-06     -8.45000000e-04      2.50000000e-04
     -7.50000000e-06     -7.50000000e-06     -8.45000000e-04      2.50000000e-04
      6.00000000e-05     -7.50000000e-06     -8.45000000e-04      2.50000000e-04
      1.27500000e-04     -7.50000000e-06     -8.45000000e-04      2.50000000e-04
     -1.42500000e-04      6.00000000e-05     -8.45000000e-04      2.50000000e-04
     -7.50000000e-05      6.00000000e-05     -8.45000000e-04      2.50000000e-04
     -7.50000000e-06      6.00000000e-05     -8.45000000e-04      2.50000000e-04
      6.00000000e-05      6.00000000e-05     -8.45000000e-04      2.50000000e-04
      1.27500000e-04      6.00000000e-05     -8.45000000e-04      2.50000000e-04
     -7.50000000e-05      1.27500000e-04     -8.45000000e-04      2.50000000e-04
     -7.50000000e-06      1.27500000e-04     -8.45000000e-04      2.50000000e-04
      6.00000000e-05      1.27500000e-04     -8.45000000e-04      2.50000000e-04
      1.27500000e-04      1.27500000e-04     -8.45000000e-04      2.50000000e-04
     -7.50000000e-05     -1.42500000e-04     -7.77500000e-04      2.50000000e-04
     -7.50000000e-06     -1.42500000e-04     -7.77500000e-04      2.50000000e-04
      6.00000000e-05     -1.42500000e-04     -7.77500000e-04      2.50000000e-04
      1.27500000e-04     -1.42500000e-04     -7.77500000e-04      2.50000000e-04
     -1.42500000e-04     -7.50000000e-05     -7.77500000e-04      2.50000000e-04
     -7.50000000e-05     -7.50000000e-05     -7.77500000e-04      2.50000000e-04
     -7.50000000e-06     -7.50000000e-05     -7.77500000e-04      2.50000000e-04
      6.00000000e-05     -7.50000000e-05     -7.77500000e-04      2.50000000e-04
      1.27500000e-04     -7.50000000e-05     -7.77500000e-04      2.50000000e-04
     -1.42500000e-04     -7.50000000e-06     -7.77500000e-04      2.50000000e-04
     -7.50000000e-05     -7.50000000e-06     -7.77500000e-04      2.50000000e-04
     -7.50000000e-06     -7.50000000e-06     -7.77500000e-04      2.50000000e-04
      6.00000000e-05     -7.50000000e-06     -7.77500000e-04      2.50000000e-04
      1.27500000e-04     -7.50000000e-06     -7.77500000e-04      2.50000000e-04
      1.95000000e-04     -7.50000000e-06     -7.77500000e-04      2.50000000e-04
     -1.42500000e-04      6.00000000e-05     -7.77500000e-04      2.50000000e-04
     -7.50000000e-05      6.00000000e-05     -7.77500000e-04      2.50000000e-04
     -7.50000000e-06      6.00000000e-05     -7.77500000e-04      2.50000000e-04
      6.00000000e-05      6.00000000e-05     -7.77500000e-04      2.50000000e-04
      1.27500000e-04      6.00000000e-05     -7.77500000e-04      2.50000000e-04
     -1.42500000e-04      1.27500000e-04     -7.77500000e-04      2.50000000e-04
     -7.50000000e-05      1.27500000e-04     -7.77500000e-04      2.50000000e-04
     -7.50000000e-06      1.27500000e-04     -7.77500000e-04      2.50000000e-04
      6.00000000e-05      1.27500000e-04     -7.77500000e-04      2.50000000e-04
      1.27500000e-04      1.27500000e-04     -7.77500000e-04      2.50000000e-04
     -7.50000000e-06      1.95000000e-04     -7.77500000e-04      2.50000000e-04
     -1.42500000e-04     -1.42500000e-04     -7.10000000e-04      2.50000000e-04
     -7.50000000e-05     -1.42500000e-04     -7.10000000e-04      2.50000000e-04
     -7.50000000e-06     -1.42500000e-04     -7.10000000e-04      2.50000000e-04
      6.00000000e-05     -1.42500000e-04     -7.10000000e-04      2.50000000e-04
      1.27500000e-04     -1.42500000e-04     -7.10000000e-04      2.50000000e-04
     -1.42500000e-04     -7.50000000e-05     -7.10000000e-04      2.50000000e-04
     -7.50000000e-05     -7.50000000e-05     -7.10000000e-04      2.50000000e-04
     -7.50000000e-06     -7.50000000e-05     -7.10000000e-04      2.50000000e-04
      6.00000000e-05     -7.50000000e-05     -7.10000000e-04      2.50000000e-04
      1.27500000e-04     -7.50000000e-05     -7.10000000e-04      2.50000000e-04
     -1.42500000e-04     -7.50000000e-06     -7.10000000e-04      2.50000000e-04
     -7.50000000e-05     -7.50000000e-06     -7.10000000e-04      2.50000000e-04
     -7.50000000e-06     -7.50000000e-06     -7.10000000e-04      2.50000000e-04
      6.00000000e-05     -7.50000000e-06     -7.10000000e-04      2.50000000e-04
      1.27500000e-04     -7.50000000e-06     -7.10000000e-04      2.50000000e-04
      1.95000000e-04     -7.50000000e-06     -7.10000000e-04      2.50000000e-04
     -1.42500000e-04      6.00000000e-05     -7.10000000e-04      2.50000000e-04
     -7.50000000e-05      6.00000000e-05     -7.10000000e-04      2.50000000e-04
     -7.50000000e-06      6.00000000e-05     -7.10000000e-04      2.50000000e-04
      6.00000000e-05      6.00000000e-05     -7.10000000e-04      2.50000000e-04
      1.27500000e-04      6.00000000e-05     -7.10000000e-04      2.50000000e-04
      1.95000000e-04      6.00000000e-05     -7.10000000e-04      2.50000000e-04
     -1.42500000e-04      1.27500000e-04     -7.10000000e-04      2.50000000e-04
     -7.50000000e-05      1.27500000e-04     -7.10000000e-04      2.50000000e-04
     -7.50000000e-06      1.27500000e-04     -7.10000000e-04      2.50000000e-04
      6.00000000e-05      1.27500000e-04     -7.10000000e-04      2.50000000e-04
      1.27500000e-04      1.27500000e-04     -7.10000000e-04      2.50000000e-04
     -7.50000000e-06      1.95000000e-04     -7.10000000e-04      2.50000000e-04
      6.00000000e-05      1.95000000e-04     -7.10000000e-04      2.50000000e-04
     -7.50000000e-06     -2.10000000e-04     -6.42500000e-04      2.50000000e-04
     -1.42500000e-04     -1.42500000e-04     -6.42500000e-04      2.50000000e-04
     -7.50000000e-05     -1.42500000e-04     -6.42500000e-04      2.50000000e-04
     -7.50000000e-06     -1.42500000e-04     -6.42500000e-04      2.50000000e-04
      6.00000000e-05     -1.42500000e-04     -6.42500000e-04      2.50000000e-04
      1.27500000e-04     -1.42500000e-04     -6.42500000e-04      2.50000000e-04
     -1.42500000e-04     -7.50000000e-05     -6.42500000e-04      2.50000000e-04
     -7.50000000e-05     -7.50000000e-05     -6.42500000e-04      2.50000000e-04
     -7.50000000e-06     -7.50000000e-05     -6.42500000e-04      2.50000000e-04
      6.00000000e-05     -7.50000000e-05     -6.42500000e-04      2.50000000e-04
      1.27500000e-04     -7.50000000e-05     -6.42500000e-04      2.50000000e-04
      1.95000000e-04     -7.50000000e-05     -6.42500000e-04      2.50000000e-04
     -2.10000000e-04     -7.50000000e-06     -6.42500000e-04      2.50000000e-04
     -1.42500000e-04     -7.50000000e-06     -6.42500000e-04      2.50000000e-04
     -7.50000000e-05     -7.50000000e-06     -6.42500000e-04      2.50000000e-04
     -7.50000000e-06     -7.50000000e-06     -6.42500000e-04      2.50000000e-04
      6.00000000e-05     -7.50000000e-06     -6.42500000e-04      2.50000000e-04
      1.27500000e-04     -7.50000000e-06     -6.42500000e-04      2.50000000e-04
      1.95000000e-04     -7.50000000e-06     -6.42500000e-04      2.50000000e-04
     -1.42500000e-04      6.00000000e-05     -6.42500000e-04      2.50000000e-04
     -7.50000000e-05      6.00000000e-05     -6.42500000e-04      2.50000000e-04
     -7.50000000e-06      6.00000000e-05     -6.42500000e-04      2.50000000e-04
      6.00000000e-05      6.00000000e-05     -6.42500000e-04      2.50000000e-04
      1.27500000e-04      6.00000000e-05     -6.42500000e-04      2.50000000e-04
      1.95000000e-04      6.00000000e-05     -6.42500000e-04      2.50000000e-04
     -1.42500000e-04      1.27500000e-04     -6.42500000e-04      2.50000000e-04
     -7.50000000e-05      1.27500000e-04     -6.42500000e-04      2.50000000e-04
     -7.50000000e-06      1.27500000e-04     -6.42500000e-04      2.50000000e-04
      6.00000000e-05      1.27500000e-04     -6.42500000e-04      2.50000000e-04
      1.27500000e-04      1.27500000e-04     -6.42500000e-04      2.50000000e-04
     -7.50000000e-05      1.95000000e-04     -6.42500000e-04      2.50000000e-04
     -7.50000000e-06      1.95000000e-04     -6.42500000e-04      2.50000000e-04
      6.00000000e-05      1.95000000e-04     -6.42500000e-04      2.50000000e-04
     -7.50000000e-06     -2.10000000e-04     -5.75000000e-04      2.50000000e-04
      6.00000000e-05     -2.10000000e-04     -5.75000000e-04      2.50000000e-04
     -1.42500000e-04     -1.42500000e-04     -5.75000000e-04      2.50000000e-04
     -7.50000000e-05     -1.42500000e-04     -5.75000000e-04      2.50000000e-04
     -7.50000000e-06     -1.42500000e-04     -5.75000000e-04      2.50000000e-04
      6.00000000e-05     -1.42500000e-04     -5.75000000e-04      2.50000000e-04
      1.27500000e-04     -1.42500000e-04     -5.75000000e-04      2.50000000e-04
     -1.42500000e-04     -7.50000000e-05     -5.75000000e-04      2.50000000e-04
     -7.50000000e-05     -7.50000000e-05     -5.75000000e-04      2.50000000e-04
     -7.50000000e-06     -7.50000000e-05     -5.75000000e-04      2.50000000e-04
      6.00000000e-05     -7.50000000e-05     -5.75000000e-04      2.50000000e-04
      1.27500000e-04     -7.50000000e-05     -5.75000000e-04      2.50000000e-04
      1.95000000e-04     -7.50000000e-05     -5.75000000e-04      2.50000000e-04
     -2.10000000e-04     -7.50000000e-06     -5.75000000e-04      2.50000000e-04
     -1.42500000e-04     -7.50000000e-06     -5.75000000e-04      2.50000000e-04
     -7.50000000e-05     -7.50000000e-06     -5.75000000e-04      2.50000000e-04
     -7.50000000e-06     -7.50000000e-06     -5.75000000e-04      2.50000000e-04
      6.00000000e-05     -7.50000000e-06     -5.75000000e-04      2.50000000e-04
      1.27500000e-04     -7.50000000e-06     -5.75000000e-04      2.50000000e-04
      1.95000000e-04     -7.50000000e-06     -5.75000000e-04      2.50000000e-04
     -2.10000000e-04      6.00000000e-05     -5.75000000e-04      2.50000000e-04
     -1.42500000e-04      6.00000000e-05     -5.75000000e-04      2.50000000e-04
     -7.50000000e-05      6.00000000e-05     -5.75000000e-04      2.50000000e-04
     -7.50000000e-06      6.00000000e-05     -5.75000000e-04      2.50000000e-04
      6.00000000e-05      6.00000000e-05     -5.75000000e-04      2.50000000e-04
      1.27500000e-04      6.00000000e-05     -5.75000000e-04      2.50000000e-04
      1.95000000e-04      6.00000000e-05     -5.75000000e-04      2.50000000e-04
     -1.42500000e-04      1.27500000e-04     -5.75000000e-04      2.50000000e-04
     -7.50000000e-05      1.27500000e-04     -5.75000000e-04      2.50000000e-04
     -7.50000000e-06      1.27500000e-04     -5.75000000e-04      2.50000000e-04
      6.00000000e-05      1.27500000e-04     -5.75000000e-04      2.50000000e-04
      1.27500000e-04      1.27500000e-04     -5.75000000e-04      2.50000000e-04
     -7.50000000e-05      1.95000000e-04     -5.75000000e-04      2.50000000e-04
     -7.50000000e-06      1.95000000e-04     -5.75000000e-04      2.50000000e-04
      6.00000000e-05      1.95000000e-04     -5.75000000e-04      2.50000000e-04
     -7.50000000e-05     -2.10000000e-04     -5.07500000e-04      2.50000000e-04
     -7.50000000e-06     -2.10000000e-04     -5.07500000e-04      2.50000000e-04
      6.00000000e-05     -2.10000000e-04     -5.07500000e-04      2.50000000e-04
     -1.42500000e-04     -1.42500000e-04     -5.07500000e-04      2.50000000e-04
     -7.50000000e-05     -1.42500000e-04     -5.07500000e-04      2.50000000e-04
     -7.50000000e-06     -1.42500000e-04     -5.07500000e-04      2.50000000e-04
      6.00000000e-05     -1.42500000e-04     -5.07500000e-04      2.50000000e-04
      1.27500000e-04     -1.42500000e-04     -5.07500000e-04      2.50000000e-04
     -2.10000000e-04     -7.50000000e-05     -5.07500000e-04      2.50000000e-04
     -1.42500000e-04     -7.50000000e-05     -5.07500000e-04      2.50000000e-04
     -7.50000000e-05     -7.50000000e-05     -5.07500000e-04      2.50000000e-04
     -7.50000000e-06     -7.50000000e-05     -5.07500000e-04      2.50000000e-04
      6.00000000e-05     -7.50000000e-05     -5.07500000e-04      2.50000000e-04
      1.27500000e-04     -7.50000000e-05     -5.07500000e-04      2.50000000e-04
      1.95000000e-04     -7.50000000e-05     -5.07500000e-04      2.50000000e-04
     -2.10000000e-04     -7.50000000e-06     -5.07500000e-04      2.50000000e-04
     -1.42500000e-04     -7.50000000e-06     -5.07500000e-04      2.50000000e-04
     -7.50000000e-05     -7.50000000e-06     -5.07500000e-04      2.50000000e-04
     -7.50000000e-06     -7.50000000e-06     -5.07500000e-04      2.50000000e-04
      6.00000000e-05     -7.50000000e-06     -5.07500000e-04      2.50000000e-04
      1.27500000e-04     -7.50000000e-06     -5.07500000e-04      2.50000000e-04
      1.95000000e-04     -7.50000000e-06     -5.07500000e-04      2.50000000e-04
     -2.10000000e-04      6.00000000e-05     -5.07500000e-04      2.50000000e-04
     -1.42500000e-04      6.00000000e-05     -5.07500000e-04      2.50000000e-04
     -7.50000000e-05      6.00000000e-05     -5.07500000e-04      2.50000000e-04
     -7.50000000e-06      6.00000000e-05     -5.07500000e-04      2.50000000e-04
      6.00000000e-05      6.00000000e-05     -5.07500000e-04      2.50000000e-04
      1.27500000e-04      6.00000000e-05     -5.07500000e-04      2.50000000e-04
      1.95000000e-04      6.00000000e-05     -5.07500000e-04      2.50000000e-04
     -1.42500000e-04      1.27500000e-04     -5.07500000e-04      2.50000000e-04
     -7.50000000e-05      1.27500000e-04     -5.07500000e-04      2.50000000e-04
     -7.50000000e-06      1.27500000e-04     -5.07500000e-04      2.50000000e-04
      6.00000000e-05      1.27500000e-04     -5.07500000e-04      2.50000000e-04
      1.27500000e-04      1.27500000e-04     -5.07500000e-04      2.50000000e-04
     -7.50000000e-05      1.95000000e-04     -5.07500000e-04      2.50000000e-04
     -7.50000000e-06      1.95000000e-04     -5.07500000e-04      2.50000000e-04
      6.00000000e-05      1.95000000e-04     -5.07500000e-04      2.50000000e-04
     -7.50000000e-05     -2.10000000e-04     -4.40000000e-04      2.50000000e-04
     -7.50000000e-06     -2.10000000e-04     -4.40000000e-04      2.50000000e-04
      6.00000000e-05     -2.10000000e-04     -4.40000000e-04      2.50000000e-04
     -1.42500000e-04     -1.42500000e-04     -4.40000000e-04      2.50000000e-04
     -7.50000000e-05     -1.42500000e-04     -4.40000000e-04      2.50000000e-04
     -7.50000000e-06     -1.42500000e-04     -4.40000000e-04      2.50000000e-04
      6.00000000e-05     -1.42500000e-04     -4.40000000e-04      2.50000000e-04
      1.27500000e-04     -1.42500000e-04     -4.40000000e-04      2.50000000e-04
     -2.10000000e-04     -7.50000000e-05     -4.40000000e-04      2.50000000e-04
     -1.42500000e-04     -7.50000000e-05     -4.40000000e-04      2.50000000e-04
     -7.50000000e-05     -7.50000000e-05     -4.40000000e-04      2.50000000e-04
     -7.50000000e-06     -7.50000000e-05     -4.40000000e-04      2.50000000e-04
      6.00000000e-05     -7.50000000e-05     -4.40000000e-04      2.50000000e-04
      1.27500000e-04     -7.50000000e-05     -4.40000000e-04      2.50000000e-04
      1.95000000e-04     -7.50000000e-05     -4.40000000e-04      2.50000000e-04
     -2.10000000e-04     -7.50000000e-06     -4.40000000e-04      2.50000000e-04
     -1.42500000e-04     -7.50000000e-06     -4.40000000e-04      2.50000000e-04
     -7.50000000e-05     -7.50000000e-06     -4.40000000e-04      2.50000000e-04
     -7.50000000e-06     -7.50000000e-06     -4.40000000e-04      2.50000000e-04
      6.00000000e-05     -7.50000000e-06     -4.40000000e-04      2.50000000e-04
      1.27500000e-04     -7.50000000e-06     -4.40000000e-04      2.50000000e-04
      1.95000000e-04     -7.50000000e-06     -4.40000000e-04      2.50000000e-04
     -2.10000000e-04      6.00000000e-05     -4.40000000e-04      2.50000000e-04
     -1.42500000e-04      6.00000000e-05     -4.40000000e-04      2.50000000e-04
     -7.50000000e-05      6.00000000e-05     -4.40000000e-04      2.50000000e-04
     -7.50000000e-06      6.00000000e-05     -4.40000000e-04      2.50000000e-04
      6.00000000e-05      6.00000000e-05     -4.40000000e-04      2.50000000e-04
      1.27500000e-04      6.00000000e-05     -4.40000000e-04      2.50000000e-04
      1.95000000e-04      6.00000000e-05     -4.40000000e-04      2.50000000e-04
     -1.42500000e-04      1.27500000e-04     -4.40000000e-04      2.50000000e-04
     -7.50000000e-05      1.27500000e-04     -4.40000000e-04      2.50000000e-04
     -7.50000000e-06      1.27500000e-04     -4.40000000e-04      2.50000000e-04
      6.00000000e-05      1.27500000e-04     -4.40000000e-04      2.50000000e-04
      1.27500000e-04      1.27500000e-04     -4.40000000e-04      2.50000000e-04
      1.95000000e-04      1.27500000e-04     -4.40000000e-04      2.50000000e-04
     -7.50000000e-05      1.95000000e-04     -4.40000000e-04      2.50000000e-04
     -7.50000000e-06      1.95000000e-04     -4.40000000e-04      2.50000000e-04
      6.00000000e-05      1.95000000e-04     -4.40000000e-04      2.50000000e-04
      1.27500000e-04      1.95000000e-04     -4.40000000e-04      2.50000000e-04
     -7.50000000e-05     -2.10000000e-04     -3.72500000e-04      2.50000000e-04
     -7.50000000e-06     -2.10000000e-04     -3.72500000e-04      2.50000000e-04
      6.00000000e-05     -2.10000000e-04     -3.72500000e-04      2.50000000e-04
     -1.42500000e-04     -1.42500000e-04     -3.72500000e-04      2.50000000e-04
     -7.50000000e-05     -1.42500000e-04     -3.72500000e-04      2.50000000e-04
     -7.50000000e-06     -1.42500000e-04     -3.72500000e-04      2.50000000e-04
      6.00000000e-05     -1.42500000e-04     -3.72500000e-04      2.50000000e-04
      1.27500000e-04     -1.42500000e-04     -3.72500000e-04      2.50000000e-04
     -2.10000000e-04     -7.50000000e-05     -3.72500000e-04      2.50000000e-04
     -1.42500000e-04     -7.50000000e-05     -3.72500000e-04      2.50000000e-04
     -7.50000000e-05     -7.50000000e-05     -3.72500000e-04      2.50000000e-04
     -7.50000000e-06     -7.50000000e-05     -3.72500000e-04      2.50000000e-04
      6.00000000e-05     -7.50000000e-05     -3.72500000e-04      2.50000000e-04
      1.27500000e-04     -7.50000000e-05     -3.72500000e-04      2.50000000e-04
      1.95000000e-04     -7.50000000e-05     -3.72500000e-04      2.50000000e-04
     -2.10000000e-04     -7.50000000e-06     -3.72500000e-04      2.50000000e-04
     -1.42500000e-04     -7.50000000e-06     -3.72500000e-04      2.50000000e-04
     -7.50000000e-05     -7.50000000e-06     -3.72500000e-04      2.50000000e-04
     -7.50000000e-06     -7.50000000e-06     -3.72500000e-04      2.50000000e-04
      6.00000000e-05     -7.50000000e-06     -3.72500000e-04      2.50000000e-04
      1.27500000e-04     -7.50000000e-06     -3.72500000e-04      2.50000000e-04
      1.95000000e-04     -7.50000000e-06     -3.72500000e-04      2.50000000e-04
     -2.10000000e-04      6.00000000e-05     -3.72500000e-04      2.50000000e-04
     -1.42500000e-04      6.00000000e-05     -3.72500000e-04      2.50000000e-04
     -7.50000000e-05      6.00000000e-05     -3.72500000e-04      2.50000000e-04
     -7.50000000e-06      6.00000000e-05     -3.72500000e-04      2.50000000e-04
      6.00000000e-05      6.00000000e-05     -3.72500000e-04      2.50000000e-04
      1.27500000e-04      6.00000000e-05     -3.72500000e-04      2.50000000e-04
      1.95000000e-04      6.00000000e-05     -3.72500000e-04      2.50000000e-04
     -1.42500000e-04      1.27500000e-04     -3.72500000e-04      2.50000000e-04
     -7.50000000e-05      1.27500000e-04     -3.72500000e-04      2.50000000e-04
     -7.50000000e-06      1.27500000e-04     -3.72500000e-04      2.50000000e-04
      6.00000000e-05      1.27500000e-04     -3.72500000e-04      2.50000000e-04
      1.27500000e-04      1.27500000e-04     -3.72500000e-04      2.50000000e-04
      1.95000000e-04      1.27500000e-04     -3.72500000e-04      2.50000000e-04
     -7.50000000e-05      1.95000000e-04     -3.72500000e-04      2.50000000e-04
     -7.50000000e-06      1.95000000e-04     -3.72500000e-04      2.50000000e-04
      6.00000000e-05      1.95000000e-04     -3.72500000e-04      2.50000000e-04
      1.27500000e-04      1.95000000e-04     -3.72500000e-04      2.50000000e-04
     -7.50000000e-05     -2.10000000e-04     -3.05000000e-04      2.50000000e-04
     -7.50000000e-06     -2.10000000e-04     -3.05000000e-04      2.50000000e-04
      6.00000000e-05     -2.10000000e-04     -3.05000000e-04      2.50000000e-04
     -1.42500000e-04     -1.42500000e-04     -3.05000000e-04      2.50000000e-04
     -7.50000000e-05     -1.42500000e-04     -3.05000000e-04      2.50000000e-04
     -7.50000000e-06     -1.42500000e-04     -3.05000000e-04      2.50000000e-04
      6.00000000e-05     -1.42500000e-04     -3.05000000e-04      2.50000000e-04
      1.27500000e-04     -1.42500000e-04     -3.05000000e-04      2.50000000e-04
      1.95000000e-04     -1.42500000e-04     -3.05000000e-04      2.50000000e-04
     -2.10000000e-04     -7.50000000e-05     -3.05000000e-04      2.50000000e-04
     -1.42500000e-04     -7.50000000e-05     -3.05000000e-04      2.50000000e-04
     -7.50000000e-05     -7.50000000e-05     -3.05000000e-04      2.50000000e-04
     -7.50000000e-06     -7.50000000e-05     -3.05000000e-04      2.50000000e-04
      6.00000000e-05     -7.50000000e-05     -3.05000000e-04      2.50000000e-04
      1.27500000e-04     -7.50000000e-05     -3.05000000e-04      2.50000000e-04
      1.95000000e-04     -7.50000000e-05     -3.05000000e-04      2.50000000e-04
     -2.10000000e-04     -7.50000000e-06     -3.05000000e-04      2.50000000e-04
     -1.42500000e-04     -7.50000000e-06     -3.05000000e-04      2.50000000e-04
     -7.50000000e-05     -7.50000000e-06     -3.05000000e-04      2.50000000e-04
     -7.50000000e-06     -7.50000000e-06     -3.05000000e-04      2.50000000e-04
      6.00000000e-05     -7.50000000e-06     -3.05000000e-04      2.50000000e-04
      1.27500000e-04     -7.50000000e-06     -3.05000000e-04      2.50000000e-04
      1.95000000e-04     -7.50000000e-06     -3.05000000e-04      2.50000000e-04
     -2.10000000e-04      6.00000000e-05     -3.05000000e-04      2.50000000e-04
     -1.42500000e-04      6.00000000e-05     -3.05000000e-04      2.50000000e-04
     -7.50000000e-05      6.00000000e-05     -3.05000000e-04      2.50000000e-04
     -7.50000000e-06      6.00000000e-05     -3.05000000e-04      2.50000000e-04
      6.00000000e-05      6.00000000e-05     -3.05000000e-04      2.50000000e-04
      1.27500000e-04      6.00000000e-05     -3.05000000e-04      2.50000000e-04
      1.95000000e-04      6.00000000e-05     -3.05000000e-04      2.50000000e-04
     -1.42500000e-04      1.27500000e-04     -3.05000000e-04      2.50000000e-04
     -7.50000000e-05      1.27500000e-04     -3.05000000e-04      2.50000000e-04
     -7.50000000e-06      1.27500000e-04     -3.05000000e-04      2.50000000e-04
      6.00000000e-05      1.27500000e-04     -3.05000000e-04      2.50000000e-04
      1.27500000e-04      1.27500000e-04     -3.05000000e-04      2.50000000e-04
      1.95000000e-04      1.27500000e-04     -3.05000000e-04      2.50000000e-04
     -1.42500000e-04      1.95000000e-04     -3.05000000e-04      2.50000000e-04
     -7.50000000e-05      1.95000000e-04     -3.05000000e-04      2.50000000e-04
     -7.50000000e-06      1.95000000e-04     -3.05000000e-04      2.50000000e-04
      6.00000000e-05      1.95000000e-04     -3.05000000e-04      2.50000000e-04
      1.27500000e-04      1.95000000e-04     -3.05000000e-04      2.50000000e-04
     -7.50000000e-05     -2.10000000e-04     -2.37500000e-04      2.50000000e-04
     -7.50000000e-06     -2.10000000e-04     -2.37500000e-04      2.50000000e-04
      6.00000000e-05     -2.10000000e-04     -2.37500000e-04      2.50000000e-04
     -1.42500000e-04     -1.42500000e-04     -2.37500000e-04      2.50000000e-04
     -7.50000000e-05     -1.42500000e-04     -2.37500000e-04      2.50000000e-04
     -7.50000000e-06     -1.42500000e-04     -2.37500000e-04      2.50000000e-04
      6.00000000e-05     -1.42500000e-04     -2.37500000e-04      2.50000000e-04
      1.27500000e-04     -1.42500000e-04     -2.37500000e-04      2.50000000e-04
      1.95000000e-04     -1.42500000e-04     -2.37500000e-04      2.50000000e-04
     -2.10000000e-04     -7.50000000e-05     -2.37500000e-04      2.50000000e-04
     -1.42500000e-04     -7.50000000e-05     -2.37500000e-04      2.50000000e-04
     -7.50000000e-05     -7.50000000e-05     -2.37500000e-04      2.50000000e-04
     -7.50000000e-06     -7.50000000e-05     -2.37500000e-04      2.50000000e-04
      6.00000000e-05     -7.50000000e-05     -2.37500000e-04      2.50000000e-04
      1.27500000e-04     -7.50000000e-05     -2.37500000e-04      2.50000000e-04
      1.95000000e-04     -7.50000000e-05     -2.37500000e-04      2.50000000e-04
     -2.10000000e-04     -7.50000000e-06     -2.37500000e-04      2.50000000e-04
     -1.42500000e-04     -7.50000000e-06     -2.37500000e-04      2.50000000e-04
     -7.50000000e-05     -7.50000000e-06     -2.37500000e-04      2.50000000e-04
     -7.50000000e-06     -7.50000000e-06     -2.37500000e-04      2.50000000e-04
      6.00000000e-05     -7.50000000e-06     -2.37500000e-04      2.50000000e-04
      1.27500000e-04     -7.50000000e-06     -2.37500000e-04      2.50000000e-04
      1.95000000e-04     -7.50000000e-06     -2.37500000e-04      2.50000000e-04
     -2.10000000e-04      6.00000000e-05     -2.37500000e-04      2.50000000e-04
     -1.42500000e-04      6.00000000e-05     -2.37500000e-04      2.50000000e-04
     -7.50000000e-05      6.00000000e-05     -2.37500000e-04      2.50000000e-04
     -7.50000000e-06      6.00000000e-05     -2.37500000e-04      2.50000000e-04
      6.00000000e-05      6.00000000e-05     -2.37500000e-04      2.50000000e-04
      1.27500000e-04      6.00000000e-05     -2.37500000e-04      2.50000000e-04
      1.95000000e-04      6.00000000e-05     -2.37500000e-04      2.50000000e-04
     -1.42500000e-04      1.27500000e-04     -2.37500000e-04      2.50000000e-04
     -7.50000000e-05      1.27500000e-04     -2.37500000e-04      2.50000000e-04
     -7.50000000e-06      1.27500000e-04     -2.37500000e-04      2.50000000e-04
      6.00000000e-05      1.27500000e-04     -2.37500000e-04      2.50000000e-04
      1.27500000e-04      1.27500000e-04     -2.37500000e-04      2.50000000e-04
      1.95000000e-04      1.27500000e-04     -2.37500000e-04      2.50000000e-04
     -1.42500000e-04      1.95000000e-04     -2.37500000e-04      2.50000000e-04
     -7.50000000e-05      1.95000000e-04     -2.37500000e-04      2.50000000e-04
     -7.50000000e-06      1.95000000e-04     -2.37500000e-04      2.50000000e-04
      6.00000000e-05      1.95000000e-04     -2.37500000e-04      2.50000000e-04
      1.27500000e-04      1.95000000e-04     -2.37500000e-04      2.50000000e-04
     -7.50000000e-05     -2.10000000e-04     -1.70000000e-04      2.50000000e-04
     -7.50000000e-06     -2.10000000e-04     -1.70000000e-04      2.50000000e-04
      6.00000000e-05     -2.10000000e-04     -1.70000000e-04      2.50000000e-04
      1.27500000e-04     -2.10000000e-04     -1.70000000e-04      2.50000000e-04
     -1.42500000e-04     -1.42500000e-04     -1.70000000e-04      2.50000000e-04
     -7.50000000e-05     -1.42500000e-04     -1.70000000e-04      2.50000000e-04
     -7.50000000e-06     -1.42500000e-04     -1.70000000e-04      2.50000000e-04
      6.00000000e-05     -1.42500000e-04     -1.70000000e-04      2.50000000e-04
      1.27500000e-04     -1.42500000e-04     -1.70000000e-04      2.50000000e-04
      1.95000000e-04     -1.42500000e-04     -1.70000000e-04      2.50000000e-04
     -2.10000000e-04     -7.50000000e-05     -1.70000000e-04      2.50000000e-04
     -1.42500000e-04     -7.50000000e-05     -1.70000000e-04      2.50000000e-04
     -7.50000000e-05     -7.50000000e-05     -1.70000000e-04      2.50000000e-04
     -7.50000000e-06     -7.50000000e-05     -1.70000000e-04      2.50000000e-04
      6.00000000e-05     -7.50000000e-05     -1.70000000e-04      2.50000000e-04
      1.27500000e-04     -7.50000000e-05     -1.70000000e-04      2.50000000e-04
      1.95000000e-04     -7.50000000e-05     -1.70000000e-04      2.50000000e-04
     -2.10000000e-04     -7.50000000e-06     -1.70000000e-04      2.50000000e-04
     -1.42500000e-04     -7.50000000e-06     -1.70000000e-04      2.50000000e-04
     -7.50000000e-05     -7.50000000e-06     -1.70000000e-04      2.50000000e-04
     -7.50000000e-06     -7.50000000e-06     -1.70000000e-04      2.50000000e-04
      6.00000000e-05     -7.50000000e-06     -1.70000000e-04      2.50000000e-04
      1.27500000e-04     -7.50000000e-06     -1.70000000e-04      2.50000000e-04
      1.95000000e-04     -7.50000000e-06     -1.70000000e-04      2.50000000e-04
     -2.10000000e-04      6.00000000e-05     -1.70000000e-04      2.50000000e-04
     -1.42500000e-04      6.00000000e-05     -1.70000000e-04      2.50000000e-04
     -7.50000000e-05      6.00000000e-05     -1.70000000e-04      2.50000000e-04
     -7.50000000e-06      6.00000000e-05     -1.70000000e-04      2.50000000e-04
      6.00000000e-05      6.00000000e-05     -1.70000000e-04      2.50000000e-04
      1.27500000e-04      6.00000000e-05     -1.70000000e-04      2.50000000e-04
      1.95000000e-04      6.00000000e-05     -1.70000000e-04      2.50000000e-04
     -2.10000000e-04      1.27500000e-04     -1.70000000e-04      2.50000000e-04
     -1.42500000e-04      1.27500000e-04     -1.70000000e-04      2.50000000e-04
     -7.50000000e-05      1.27500000e-04     -1.70000000e-04      2.50000000e-04
     -7.50000000e-06      1.27500000e-04     -1.70000000e-04      2.50000000e-04
      6.00000000e-05      1.27500000e-04     -1.70000000e-04      2.50000000e-04
      1.27500000e-04      1.27500000e-04     -1.70000000e-04      2.50000000e-04
      1.95000000e-04      1.27500000e-04     -1.70000000e-04      2.50000000e-04
     -1.42500000e-04      1.95000000e-04     -1.70000000e-04      2.50000000e-04
     -7.50000000e-05      1.95000000e-04     -1.70000000e-04      2.50000000e-04
     -7.50000000e-06      1.95000000e-04     -1.70000000e-04      2.50000000e-04
      6.00000000e-05      1.95000000e-04     -1.70000000e-04      2.50000000e-04
      1.27500000e-04      1.95000000e-04     -1.70000000e-04      2.50000000e-04
     -7.50000000e-05     -2.10000000e-04     -1.02500000e-04      2.50000000e-04
     -7.50000000e-06     -2.10000000e-04     -1.02500000e-04      2.50000000e-04
      6.00000000e-05     -2.10000000e-04     -1.02500000e-04      2.50000000e-04
      1.27500000e-04     -2.10000000e-04     -1.02500000e-04      2.50000000e-04
     -1.42500000e-04     -1.42500000e-04     -1.02500000e-04      2.50000000e-04
     -7.50000000e-05     -1.42500000e-04     -1.02500000e-04      2.50000000e-04
     -7.50000000e-06     -1.42500000e-04     -1.02500000e-04      2.50000000e-04
      6.00000000e-05     -1.42500000e-04     -1.02500000e-04      2.50000000e-04
      1.27500000e-04     -1.42500000e-04     -1.02500000e-04      2.50000000e-04
      1.95000000e-04     -1.42500000e-04     -1.02500000e-04      2.50000000e-04
     -2.10000000e-04     -7.50000000e-05     -1.02500000e-04      2.50000000e-04
     -1.42500000e-04     -7.50000000e-05     -1.02500000e-04      2.50000000e-04
     -7.50000000e-05     -7.50000000e-05     -1.02500000e-04      2.50000000e-04
     -7.50000000e-06     -7.50000000e-05     -1.02500000e-04      2.50000000e-04
      6.00000000e-05     -7.50000000e-05     -1.02500000e-04      2.50000000e-04
      1.27500000e-04     -7.50000000e-05     -1.02500000e-04      2.50000000e-04
      1.95000000e-04     -7.50000000e-05     -1.02500000e-04      2.50000000e-04
     -2.10000000e-04     -7.50000000e-06     -1.02500000e-04      2.50000000e-04
     -1.42500000e-04     -7.50000000e-06     -1.02500000e-04      2.50000000e-04
     -7.50000000e-05     -7.50000000e-06     -1.02500000e-04      2.50000000e-04
     -7.50000000e-06     -7.50000000e-06     -1.02500000e-04      2.50000000e-04
      6.00000000e-05     -7.50000000e-06     -1.02500000e-04      2.50000000e-04
      1.27500000e-04     -7.50000000e-06     -1.02500000e-04      2.50000000e-04
      1.95000000e-04     -7.50000000e-06     -1.02500000e-04      2.50000000e-04
     -2.10000000e-04      6.00000000e-05     -1.02500000e-04      2.50000000e-04
     -1.42500000e-04      6.00000000e-05     -1.02500000e-04      2.50000000e-04
     -7.50000000e-05      6.00000000e-05     -1.02500000e-04      2.50000000e-04
     -7.50000000e-06      6.00000000e-05     -1.02500000e-04      2.50000000e-04
      6.00000000e-05      6.00000000e-05     -1.02500000e-04      2.50000000e-04
      1.27500000e-04      6.00000000e-05     -1.02500000e-04      2.50000000e-04
      1.95000000e-04      6.00000000e-05     -1.02500000e-04      2.50000000e-04
     -2.10000000e-04      1.27500000e-04     -1.02500000e-04      2.50000000e-04
     -1.42500000e-04      1.27500000e-04     -1.02500000e-04      2.50000000e-04
     -7.50000000e-05      1.27500000e-04     -1.02500000e-04      2.50000000e-04
     -7.50000000e-06      1.27500000e-04     -1.02500000e-04      2.50000000e-04
      6.00000000e-05      1.27500000e-04     -1.02500000e-04      2.50000000e-04
      1.27500000e-04      1.27500000e-04     -1.02500000e-04      2.50000000e-04
      1.95000000e-04      1.27500000e-04     -1.02500000e-04      2.50000000e-04
     -1.42500000e-04      1.95000000e-04     -1.02500000e-04      2.50000000e-04
     -7.50000000e-05      1.95000000e-04     -1.02500000e-04      2.50000000e-04
     -7.50000000e-06      1.95000000e-04     -1.02500000e-04      2.50000000e-04
      6.00000000e-05      1.95000000e-04     -1.02500000e-04      2.50000000e-04
      1.27500000e-04      1.95000000e-04     -1.02500000e-04      2.50000000e-04
     -7.50000000e-05     -2.10000000e-04     -3.50000000e-05      2.50000000e-04
     -7.50000000e-06     -2.10000000e-04     -3.50000000e-05      2.50000000e-04
      6.00000000e-05     -2.10000000e-04     -3.50000000e-05      2.50000000e-04
      1.27500000e-04     -2.10000000e-04     -3.50000000e-05      2.50000000e-04
     -1.42500000e-04     -1.42500000e-04     -3.50000000e-05      2.50000000e-04
     -7.50000000e-05     -1.42500000e-04     -3.50000000e-05      2.50000000e-04
     -7.50000000e-06     -1.42500000e-04     -3.50000000e-05      2.50000000e-04
      6.00000000e-05     -1.42500000e-04     -3.50000000e-05      2.50000000e-04
      1.27500000e-04     -1.42500000e-04     -3.50000000e-05      2.50000000e-04
      1.95000000e-04     -1.42500000e-04     -3.50000000e-05      2.50000000e-04
     -2.10000000e-04     -7.50000000e-05     -3.50000000e-05      2.50000000e-04
     -1.42500000e-04     -7.50000000e-05     -3.50000000e-05      2.50000000e-04
     -7.50000000e-05     -7.50000000e-05     -3.50000000e-05      2.50000000e-04
     -7.50000000e-06     -7.50000000e-05     -3.50000000e-05      2.50000000e-04
      6.00000000e-05     -7.50000000e-05     -3.50000000e-05      2.50000000e-04
      1.27500000e-04     -7.50000000e-05     -3.50000000e-05      2.50000000e-04
      1.95000000e-04     -7.50000000e-05     -3.50000000e-05      2.50000000e-04
     -2.10000000e-04     -7.50000000e-06     -3.50000000e-05      2.50000000e-04
     -1.42500000e-04     -7.50000000e-06     -3.50000000e-05      2.50000000e-04
     -7.50000000e-05     -7.50000000e-06     -3.50000000e-05      2.50000000e-04
     -7.50000000e-06     -7.50000000e-06     -3.50000000e-05      2.50000000e-04
      6.00000000e-05     -7.50000000e-06     -3.50000000e-05      2.50000000e-04
      1.27500000e-04     -7.50000000e-06     -3.50000000e-05      2.50000000e-04
      1.95000000e-04     -7.50000000e-06     -3.50000000e-05      2.50000000e-04
     -2.10000000e-04      6.00000000e-05     -3.50000000e-05      2.50000000e-04
     -1.42500000e-04      6.00000000e-05     -3.50000000e-05      2.50000000e-04
     -7.50000000e-05      6.00000000e-05     -3.50000000e-05      2.50000000e-04
     -7.50000000e-06      6.00000000e-05     -3.50000000e-05      2.50000000e-04
      6.00000000e-05      6.00000000e-05     -3.50000000e-05      2.50000000e-04
      1.27500000e-04      6.00000000e-05     -3.50000000e-05      2.50000000e-04
      1.95000000e-04      6.00000000e-05     -3.50000000e-05      2.50000000e-04
     -2.10000000e-04      1.27500000e-04     -3.50000000e-05      2.50000000e-04
     -1.42500000e-04      1.27500000e-04     -3.50000000e-05      2.50000000e-04
     -7.50000000e-05      1.27500000e-04     -3.50000000e-05      2.50000000e-04
     -7.50000000e-06      1.27500000e-04     -3.50000000e-05      2.50000000e-04
      6.00000000e-05      1.27500000e-04     -3.50000000e-05      2.50000000e-04
      1.27500000e-04      1.27500000e-04     -3.50000000e-05      2.50000000e-04
      1.95000000e-04      1.27500000e-04     -3.50000000e-05      2.50000000e-04
     -1.42500000e-04      1.95000000e-04     -3.50000000e-05      2.50000000e-04
     -7.50000000e-05      1.95000000e-04     -3.50000000e-05      2.50000000e-04
     -7.50000000e-06      1.95000000e-04     -3.50000000e-05      2.50000000e-04
      6.00000000e-05      1.95000000e-04     -3.50000000e-05      2.50000000e-04
      1.27500000e-04      1.95000000e-04     -3.50000000e-05      2.50000000e-04
     -7.50000000e-05     -2.10000000e-04      3.25000000e-05      2.50000000e-04
     -7.50000000e-06     -2.10000000e-04      3.25000000e-05      2.50000000e-04
      6.00000000e-05     -2.10000000e-04      3.25000000e-05      2.50000000e-04
      1.27500000e-04     -2.10000000e-04      3.25000000e-05      2.50000000e-04
     -1.42500000e-04     -1.42500000e-04      3.25000000e-05      2.50000000e-04
     -7.50000000e-05     -1.42500000e-04      3.25000000e-05      2.50000000e-04
     -7.50000000e-06     -1.42500000e-04      3.25000000e-05      2.50000000e-04
      6.00000000e-05     -1.42500000e-04      3.25000000e-05      2.50000000e-04
      1.27500000e-04     -1.42500000e-04      3.25000000e-05      2.50000000e-04
      1.95000000e-04     -1.42500000e-04      3.25000000e-05      2.50000000e-04
     -2.10000000e-04     -7.50000000e-05      3.25000000e-05      2.50000000e-04
     -1.42500000e-04     -7.50000000e-05      3.25000000e-05      2.50000000e-04
     -7.50000000e-05     -7.50000000e-05      3.25000000e-05      2.50000000e-04
     -7.50000000e-06     -7.50000000e-05      3.25000000e-05      2.50000000e-04
      6.00000000e-05     -7.50000000e-05      3.25000000e-05      2.50000000e-04
      1.27500000e-04     -7.50000000e-05      3.25000000e-05      2.50000000e-04
      1.95000000e-04     -7.50000000e-05      3.25000000e-05      2.50000000e-04
     -2.10000000e-04     -7.50000000e-06      3.25000000e-05      2.50000000e-04
     -1.42500000e-04     -7.50000000e-06      3.25000000e-05      2.50000000e-04
     -7.50000000e-05     -7.50000000e-06      3.25000000e-05      2.50000000e-04
     -7.50000000e-06     -7.50000000e-06      3.25000000e-05      2.50000000e-04
      6.00000000e-05     -7.50000000e-06      3.25000000e-05      2.50000000e-04
      1.27500000e-04     -7.50000000e-06      3.25000000e-05      2.50000000e-04
      1.95000000e-04     -7.50000000e-06      3.25000000e-05      2.50000000e-04
     -2.10000000e-04      6.00000000e-05      3.25000000e-05      2.50000000e-04
     -1.42500000e-04      6.00000000e-05      3.25000000e-05      2.50000000e-04
     -7.50000000e-05      6.00000000e-05      3.25000000e-05      2.50000000e-04
     -7.50000000e-06      6.00000000e-05      3.25000000e-05      2.50000000e-04
      6.00000000e-05      6.00000000e-05      3.25000000e-05      2.50000000e-04
      1.27500000e-04      6.00000000e-05      3.25000000e-05      2.50000000e-04
      1.95000000e-04      6.00000000e-05      3.25000000e-05      2.50000000e-04
     -2.10000000e-04      1.27500000e-04      3.25000000e-05      2.50000000e-04
     -1.42500000e-04      1.27500000e-04      3.25000000e-05      2.50000000e-04
     -7.50000000e-05      1.27500000e-04      3.25000000e-05      2.50000000e-04
     -7.50000000e-06      1.27500000e-04      3.25000000e-05      2.50000000e-04
      6.00000000e-05      1.27500000e-04      3.25000000e-05      2.50000000e-04
      1.27500000e-04      1.27500000e-04      3.25000000e-05      2.50000000e-04
      1.95000000e-04      1.27500000e-04      3.25000000e-05      2.50000000e-04
     -1.42500000e-04      1.95000000e-04      3.25000000e-05      2.50000000e-04
     -7.50000000e-05      1.95000000e-04      3.25000000e-05      2.50000000e-04
     -7.50000000e-06      1.95000000e-04      3.25000000e-05      2.50000000e-04
      6.00000000e-05      1.95000000e-04      3.25000000e-05      2.50000000e-04
      1.27500000e-04      1.95000000e-04      3.25000000e-05      2.50000000e-04
     -7.50000000e-05     -2.10000000e-04      1.00000000e-04      2.50000000e-04
     -7.50000000e-06     -2.10000000e-04      1.00000000e-04      2.50000000e-04
      6.00000000e-05     -2.10000000e-04      1.00000000e-04      2.50000000e-04
      1.27500000e-04     -2.10000000e-04      1.00000000e-04      2.50000000e-04
     -1.42500000e-04     -1.42500000e-04      1.00000000e-04      2.50000000e-04
     -7.50000000e-05     -1.42500000e-04      1.00000000e-04      2.50000000e-04
     -7.50000000e-06     -1.42500000e-04      1.00000000e-04      2.50000000e-04
      6.00000000e-05     -1.42500000e-04      1.00000000e-04      2.50000000e-04
      1.27500000e-04     -1.42500000e-04      1.00000000e-04      2.50000000e-04
      1.95000000e-04     -1.42500000e-04      1.00000000e-04      2.50000000e-04
     -2.10000000e-04     -7.50000000e-05      1.00000000e-04      2.50000000e-04
     -1.42500000e-04     -7.50000000e-05      1.00000000e-04      2.50000000e-04
     -7.50000000e-05     -7.50000000e-05      1.00000000e-04      2.50000000e-04
     -7.50000000e-06     -7.50000000e-05      1.00000000e-04      2.50000000e-04
      6.00000000e-05     -7.50000000e-05      1.00000000e-04      2.50000000e-04
      1.27500000e-04     -7.50000000e-05      1.00000000e-04      2.50000000e-04
      1.95000000e-04     -7.50000000e-05      1.00000000e-04      2.50000000e-04
     -2.10000000e-04     -7.50000000e-06      1.00000000e-04      2.50000000e-04
     -1.42500000e-04     -7.50000000e-06      1.00000000e-04      2.50000000e-04
     -7.50000000e-05     -7.50000000e-06      1.00000000e-04      2.50000000e-04
     -7.50000000e-06     -7.50000000e-06      1.00000000e-04      2.50000000e-04
      6.00000000e-05     -7.50000000e-06      1.00000000e-04      2.50000000e-04
      1.27500000e-04     -7.50000000e-06      1.00000000e-04      2.50000000e-04
      1.95000000e-04     -7.50000000e-06      1.00000000e-04      2.50000000e-04
     -2.10000000e-04      6.00000000e-05      1.00000000e-04      2.50000000e-04
     -1.42500000e-04      6.00000000e-05      1.00000000e-04      2.50000000e-04
     -7.50000000e-05      6.00000000e-05      1.00000000e-04      2.50000000e-04
     -7.50000000e-06      6.00000000e-05      1.00000000e-04      2.50000000e-04
      6.00000000e-05      6.00000000e-05      1.00000000e-04      2.50000000e-04
      1.27500000e-04      6.00000000e-05      1.00000000e-04      2.50000000e-04
      1.95000000e-04      6.00000000e-05      1.00000000e-04      2.50000000e-04
     -2.10000000e-04      1.27500000e-04      1.00000000e-04      2.50000000e-04
     -1.42500000e-04      1.27500000e-04      1.00000000e-04      2.50000000e-04
     -7.50000000e-05      1.27500000e-04      1.00000000e-04      2.50000000e-04
     -7.50000000e-06      1.27500000e-04      1.00000000e-04      2.50000000e-04
      6.00000000e-05      1.27500000e-04      1.00000000e-04      2.50000000e-04
      1.27500000e-04      1.27500000e-04      1.00000000e-04      2.50000000e-04
      1.95000000e-04      1.27500000e-04      1.00000000e-04      2.50000000e-04
     -1.42500000e-04      1.95000000e-04      1.00000000e-04      2.50000000e-04
     -7.50000000e-05      1.95000000e-04      1.00000000e-04      2.50000000e-04
     -7.50000000e-06      1.95000000e-04      1.00000000e-04      2.50000000e-04
      6.00000000e-05      1.95000000e-04      1.00000000e-04      2.50000000e-04
      1.27500000e-04      1.95000000e-04      1.00000000e-04      2.50000000e-04
     -7.50000000e-05     -2.10000000e-04      1.67500000e-04      2.50000000e-04
     -7.50000000e-06     -2.10000000e-04      1.67500000e-04      2.50000000e-04
      6.00000000e-05     -2.10000000e-04      1.67500000e-04      2.50000000e-04
      1.27500000e-04     -2.10000000e-04      1.67500000e-04      2.50000000e-04
     -1.42500000e-04     -1.42500000e-04      1.67500000e-04      2.50000000e-04
     -7.50000000e-05     -1.42500000e-04      1.67500000e-04      2.50000000e-04
     -7.50000000e-06     -1.42500000e-04      1.67500000e-04      2.50000000e-04
      6.00000000e-05     -1.42500000e-04      1.67500000e-04      2.50000000e-04
      1.27500000e-04     -1.42500000e-04      1.67500000e-04      2.50000000e-04
      1.95000000e-04     -1.42500000e-04      1.67500000e-04      2.50000000e-04
     -2.10000000e-04     -7.50000000e-05      1.67500000e-04      2.50000000e-04
     -1.42500000e-04     -7.50000000e-05      1.67500000e-04      2.50000000e-04
     -7.50000000e-05     -7.50000000e-05      1.67500000e-04      2.50000000e-04
     -7.50000000e-06     -7.50000000e-05      1.67500000e-04      2.50000000e-04
      6.00000000e-05     -7.50000000e-05      1.67500000e-04      2.50000000e-04
      1.27500000e-04     -7.50000000e-05      1.67500000e-04      2.50000000e-04
      1.95000000e-04     -7.50000000e-05      1.67500000e-04      2.50000000e-04
     -2.10000000e-04     -7.50000000e-06      1.67500000e-04      2.50000000e-04
     -1.42500000e-04     -7.50000000e-06      1.67500000e-04      2.50000000e-04
     -7.50000000e-05     -7.50000000e-06      1.67500000e-04      2.50000000e-04
     -7.50000000e-06     -7.50000000e-06      1.67500000e-04      2.50000000e-04
      6.00000000e-05     -7.50000000e-06      1.67500000e-04      2.50000000e-04
      1.27500000e-04     -7.50000000e-06      1.67500000e-04      2.50000000e-04
      1.95000000e-04     -7.50000000e-06      1.67500000e-04      2.50000000e-04
     -2.10000000e-04      6.00000000e-05      1.67500000e-04      2.50000000e-04
     -1.42500000e-04      6.00000000e-05      1.67500000e-04      2.50000000e-04
     -7.50000000e-05      6.00000000e-05      1.67500000e-04      2.50000000e-04
     -7.50000000e-06      6.00000000e-05      1.67500000e-04      2.50000000e-04
      6.00000000e-05      6.00000000e-05      1.67500000e-04      2.50000000e-04
      1.27500000e-04      6.00000000e-05      1.67500000e-04      2.50000000e-04
      1.95000000e-04      6.00000000e-05      1.67500000e-04      2.50000000e-04
     -2.10000000e-04      1.27500000e-04      1.67500000e-04      2.50000000e-04
     -1.42500000e-04      1.27500000e-04      1.67500000e-04      2.50000000e-04
     -7.50000000e-05      1.27500000e-04      1.67500000e-04      2.50000000e-04
     -7.50000000e-06      1.27500000e-04      1.67500000e-04      2.50000000e-04
      6.00000000e-05      1.27500000e-04      1.67500000e-04      2.50000000e-04
      1.27500000e-04      1.27500000e-04      1.67500000e-04      2.50000000e-04
      1.95000000e-04      1.27500000e-04      1.67500000e-04      2.50000000e-04
     -1.42500000e-04      1.95000000e-04      1.67500000e-04      2.50000000e-04
     -7.50000000e-05      1.95000000e-04      1.67500000e-04      2.50000000e-04
     -7.50000000e-06      1.95000000e-04      1.67500000e-04      2.50000000e-04
      6.00000000e-05      1.95000000e-04      1.67500000e-04      2.50000000e-04
      1.27500000e-04      1.95000000e-04      1.67500000e-04      2.50000000e-04
     -7.50000000e-05     -2.10000000e-04      2.35000000e-04      2.50000000e-04
     -7.50000000e-06     -2.10000000e-04      2.35000000e-04      2.50000000e-04
      6.00000000e-05     -2.10000000e-04      2.35000000e-04      2.50000000e-04
     -1.42500000e-04     -1.42500000e-04      2.35000000e-04      2.50000000e-04
     -7.50000000e-05     -1.42500000e-04      2.35000000e-04      2.50000000e-04
     -7.50000000e-06     -1.42500000e-04      2.35000000e-04      2.50000000e-04
      6.00000000e-05     -1.42500000e-04      2.35000000e-04      2.50000000e-04
      1.27500000e-04     -1.42500000e-04      2.35000000e-04      2.50000000e-04
      1.95000000e-04     -1.42500000e-04      2.35000000e-04      2.50000000e-04
     -2.10000000e-04     -7.50000000e-05      2.35000000e-04      2.50000000e-04
     -1.42500000e-04     -7.50000000e-05      2.35000000e-04      2.50000000e-04
     -7.50000000e-05     -7.50000000e-05      2.35000000e-04      2.50000000e-04
     -7.50000000e-06     -7.50000000e-05      2.35000000e-04      2.50000000e-04
      6.00000000e-05     -7.50000000e-05      2.35000000e-04      2.50000000e-04
      1.27500000e-04     -7.50000000e-05      2.35000000e-04      2.50000000e-04
      1.95000000e-04     -7.50000000e-05      2.35000000e-04      2.50000000e-04
     -2.10000000e-04     -7.50000000e-06      2.35000000e-04      2.50000000e-04
     -1.42500000e-04     -7.50000000e-06      2.35000000e-04      2.50000000e-04
     -7.50000000e-05     -7.50000000e-06      2.35000000e-04      2.50000000e-04
     -7.50000000e-06     -7.50000000e-06      2.35000000e-04      2.50000000e-04
      6.00000000e-05     -7.50000000e-06      2.35000000e-04      2.50000000e-04
      1.27500000e-04     -7.50000000e-06      2.35000000e-04      2.50000000e-04
      1.95000000e-04     -7.50000000e-06      2.35000000e-04      2.50000000e-04
     -2.10000000e-04      6.00000000e-05      2.35000000e-04      2.50000000e-04
     -1.42500000e-04      6.00000000e-05      2.35000000e-04      2.50000000e-04
     -7.50000000e-05      6.00000000e-05      2.35000000e-04      2.50000000e-04
     -7.50000000e-06      6.00000000e-05      2.35000000e-04      2.50000000e-04
      6.00000000e-05      6.00000000e-05      2.35000000e-04      2.50000000e-04
      1.27500000e-04      6.00000000e-05      2.35000000e-04      2.50000000e-04
      1.95000000e-04      6.00000000e-05      2.35000000e-04      2.50000000e-04
     -1.42500000e-04      1.27500000e-04      2.35000000e-04      2.50000000e-04
     -7.50000000e-05      1.27500000e-04      2.35000000e-04      2.50000000e-04
     -7.50000000e-06      1.27500000e-04      2.35000000e-04      2.50000000e-04
      6.00000000e-05      1.27500000e-04      2.35000000e-04      2.50000000e-04
      1.27500000e-04      1.27500000e-04      2.35000000e-04      2.50000000e-04
      1.95000000e-04      1.27500000e-04      2.35000000e-04      2.50000000e-04
     -1.42500000e-04      1.95000000e-04      2.35000000e-04      2.50000000e-04
     -7.50000000e-05      1.95000000e-04      2.35000000e-04      2.50000000e-04
     -7.50000000e-06      1.95000000e-04      2.35000000e-04      2.50000000e-04
      6.00000000e-05      1.95000000e-04      2.35000000e-04      2.50000000e-04
      1.27500000e-04      1.95000000e-04      2.35000000e-04      2.50000000e-04
     -7.50000000e-05     -2.10000000e-04      3.02500000e-04      2.50000000e-04
     -7.50000000e-06     -2.10000000e-04      3.02500000e-04      2.50000000e-04
      6.00000000e-05     -2.10000000e-04      3.02500000e-04      2.50000000e-04
     -1.42500000e-04     -1.42500000e-04      3.02500000e-04      2.50000000e-04
     -7.50000000e-05     -1.42500000e-04      3.02500000e-04      2.50000000e-04
     -7.50000000e-06     -1.42500000e-04      3.02500000e-04      2.50000000e-04
      6.00000000e-05     -1.42500000e-04      3.02500000e-04      2.50000000e-04
      1.27500000e-04     -1.42500000e-04      3.02500000e-04      2.50000000e-04
      1.95000000e-04     -1.42500000e-04      3.02500000e-04      2.50000000e-04
     -2.10000000e-04     -7.50000000e-05      3.02500000e-04      2.50000000e-04
     -1.42500000e-04     -7.50000000e-05      3.02500000e-04      2.50000000e-04
     -7.50000000e-05     -7.50000000e-05      3.02500000e-04      2.50000000e-04
     -7.50000000e-06     -7.50000000e-05      3.02500000e-04      2.50000000e-04
      6.00000000e-05     -7.50000000e-05      3.02500000e-04      2.50000000e-04
      1.27500000e-04     -7.50000000e-05      3.02500000e-04      2.50000000e-04
      1.95000000e-04     -7.50000000e-05      3.02500000e-04      2.50000000e-04
     -2.10000000e-04     -7.50000000e-06      3.02500000e-04      2.50000000e-04
     -1.42500000e-04     -7.50000000e-06      3.02500000e-04      2.50000000e-04
     -7.50000000e-05     -7.50000000e-06      3.02500000e-04      2.50000000e-04
     -7.50000000e-06     -7.50000000e-06      3.02500000e-04      2.50000000e-04
      6.00000000e-05     -7.50000000e-06      3.02500000e-04      2.50000000e-04
      1.27500000e-04     -7.50000000e-06      3.02500000e-04      2.50000000e-04
      1.95000000e-04     -7.50000000e-06      3.02500000e-04      2.50000000e-04
     -2.10000000e-04      6.00000000e-05      3.02500000e-04      2.50000000e-04
     -1.42500000e-04      6.00000000e-05      3.02500000e-04      2.50000000e-04
     -7.50000000e-05      6.00000000e-05      3.02500000e-04      2.50000000e-04
     -7.50000000e-06      6.00000000e-05      3.02500000e-04      2.50000000e-04
      6.00000000e-05      6.00000000e-05      3.02500000e-04      2.50000000e-04
      1.27500000e-04      6.00000000e-05      3.02500000e-04      2.50000000e-04
      1.95000000e-04      6.00000000e-05      3.02500000e-04      2.50000000e-04
     -1.42500000e-04      1.27500000e-04      3.02500000e-04      2.50000000e-04
     -7.50000000e-05      1.27500000e-04      3.02500000e-04      2.50000000e-04
     -7.50000000e-06      1.27500000e-04      3.02500000e-04      2.50000000e-04
      6.00000000e-05      1.27500000e-04      3.02500000e-04      2.50000000e-04
      1.27500000e-04      1.27500000e-04      3.02500000e-04      2.50000000e-04
      1.95000000e-04      1.27500000e-04      3.02500000e-04      2.50000000e-04
     -1.42500000e-04      1.95000000e-04      3.02500000e-04      2.50000000e-04
     -7.50000000e-05      1.95000000e-04      3.02500000e-04      2.50000000e-04
     -7.50000000e-06      1.95000000e-04      3.02500000e-04      2.50000000e-04
      6.00000000e-05      1.95000000e-04      3.02500000e-04      2.50000000e-04
      1.27500000e-04      1.95000000e-04      3.02500000e-04      2.50000000e-04
     -7.50000000e-05     -2.10000000e-04      3.70000000e-04      2.50000000e-04
     -7.50000000e-06     -2.10000000e-04      3.70000000e-04      2.50000000e-04
      6.00000000e-05     -2.10000000e-04      3.70000000e-04      2.50000000e-04
     -1.42500000e-04     -1.42500000e-04      3.70000000e-04      2.50000000e-04
     -7.50000000e-05     -1.42500000e-04      3.70000000e-04      2.50000000e-04
     -7.50000000e-06     -1.42500000e-04      3.70000000e-04      2.50000000e-04
      6.00000000e-05     -1.42500000e-04      3.70000000e-04      2.50000000e-04
      1.27500000e-04     -1.42500000e-04      3.70000000e-04      2.50000000e-04
     -2.10000000e-04     -7.50000000e-05      3.70000000e-04      2.50000000e-04
     -1.42500000e-04     -7.50000000e-05      3.70000000e-04      2.50000000e-04
     -7.50000000e-05     -7.50000000e-05      3.70000000e-04      2.50000000e-04
     -7.50000000e-06     -7.50000000e-05      3.70000000e-04      2.50000000e-04
      6.00000000e-05     -7.50000000e-05      3.70000000e-04      2.50000000e-04
      1.27500000e-04     -7.50000000e-05      3.70000000e-04      2.50000000e-04
      1.95000000e-04     -7.50000000e-05      3.70000000e-04      2.50000000e-04
     -2.10000000e-04     -7.50000000e-06      3.70000000e-04      2.50000000e-04
     -1.42500000e-04     -7.50000000e-06      3.70000000e-04      2.50000000e-04
     -7.50000000e-05     -7.50000000e-06      3.70000000e-04      2.50000000e-04
     -7.50000000e-06     -7.50000000e-06      3.70000000e-04      2.50000000e-04
      6.00000000e-05     -7.50000000e-06      3.70000000e-04      2.50000000e-04
      1.27500000e-04     -7.50000000e-06      3.70000000e-04      2.50000000e-04
      1.95000000e-04     -7.50000000e-06      3.70000000e-04      2.50000000e-04
     -2.10000000e-04      6.00000000e-05      3.70000000e-04      2.50000000e-04
     -1.42500000e-04      6.00000000e-05      3.70000000e-04      2.50000000e-04
     -7.50000000e-05      6.00000000e-05      3.70000000e-04      2.50000000e-04
     -7.50000000e-06      6.00000000e-05      3.70000000e-04      2.50000000e-04
      6.00000000e-05      6.00000000e-05      3.70000000e-04      2.50000000e-04
      1.27500000e-04      6.00000000e-05      3.70000000e-04      2.50000000e-04
      1.95000000e-04      6.00000000e-05      3.70000000e-04      2.50000000e-04
     -1.42500000e-04      1.27500000e-04      3.70000000e-04      2.50000000e-04
     -7.50000000e-05      1.27500000e-04      3.70000000e-04      2.50000000e-04
     -7.50000000e-06      1.27500000e-04      3.70000000e-04      2.50000000e-04
      6.00000000e-05      1.27500000e-04      3.70000000e-04      2.50000000e-04
      1.27500000e-04      1.27500000e-04      3.70000000e-04      2.50000000e-04
      1.95000000e-04      1.27500000e-04      3.70000000e-04      2.50000000e-04
     -7.50000000e-05      1.95000000e-04      3.70000000e-04      2.50000000e-04
     -7.50000000e-06      1.95000000e-04      3.70000000e-04      2.50000000e-04
      6.00000000e-05      1.95000000e-04      3.70000000e-04      2.50000000e-04
      1.27500000e-04      1.95000000e-04      3.70000000e-04      2.50000000e-04
     -7.50000000e-05     -2.10000000e-04      4.37500000e-04      2.50000000e-04
     -7.50000000e-06     -2.10000000e-04      4.37500000e-04      2.50000000e-04
      6.00000000e-05     -2.10000000e-04      4.37500000e-04      2.50000000e-04
     -1.42500000e-04     -1.42500000e-04      4.37500000e-04      2.50000000e-04
     -7.50000000e-05     -1.42500000e-04      4.37500000e-04      2.50000000e-04
     -7.50000000e-06     -1.42500000e-04      4.37500000e-04      2.50000000e-04
      6.00000000e-05     -1.42500000e-04      4.37500000e-04      2.50000000e-04
      1.27500000e-04     -1.42500000e-04      4.37500000e-04      2.50000000e-04
     -2.10000000e-04     -7.50000000e-05      4.37500000e-04      2.50000000e-04
     -1.42500000e-04     -7.50000000e-05      4.37500000e-04      2.50000000e-04
     -7.50000000e-05     -7.50000000e-05      4.37500000e-04      2.50000000e-04
     -7.50000000e-06     -7.50000000e-05      4.37500000e-04      2.50000000e-04
      6.00000000e-05     -7.50000000e-05      4.37500000e-04      2.50000000e-04
      1.27500000e-04     -7.50000000e-05      4.37500000e-04      2.50000000e-04
      1.95000000e-04     -7.50000000e-05      4.37500000e-04      2.50000000e-04
     -2.10000000e-04     -7.50000000e-06      4.37500000e-04      2.50000000e-04
     -1.42500000e-04     -7.50000000e-06      4.37500000e-04      2.50000000e-04
     -7.50000000e-05     -7.50000000e-06      4.37500000e-04      2.50000000e-04
     -7.50000000e-06     -7.50000000e-06      4.37500000e-04      2.50000000e-04
      6.00000000e-05     -7.50000000e-06      4.37500000e-04      2.50000000e-04
      1.27500000e-04     -7.50000000e-06      4.37500000e-04      2.50000000e-04
      1.95000000e-04     -7.50000000e-06      4.37500000e-04      2.50000000e-04
     -2.10000000e-04      6.00000000e-05      4.37500000e-04      2.50000000e-04
     -1.42500000e-04      6.00000000e-05      4.37500000e-04      2.50000000e-04
     -7.50000000e-05      6.00000000e-05      4.37500000e-04      2.50000000e-04
     -7.50000000e-06      6.00000000e-05      4.37500000e-04      2.50000000e-04
      6.00000000e-05      6.00000000e-05      4.37500000e-04      2.50000000e-04
      1.27500000e-04      6.00000000e-05      4.37500000e-04      2.50000000e-04
      1.95000000e-04      6.00000000e-05      4.37500000e-04      2.50000000e-04
     -1.42500000e-04      1.27500000e-04      4.37500000e-04      2.50000000e-04
     -7.50000000e-05      1.27500000e-04      4.37500000e-04      2.50000000e-04
     -7.50000000e-06      1.27500000e-04      4.37500000e-04      2.50000000e-04
      6.00000000e-05      1.27500000e-04      4.37500000e-04      2.50000000e-04
      1.27500000e-04      1.27500000e-04      4.37500000e-04      2.50000000e-04
      1.95000000e-04      1.27500000e-04      4.37500000e-04      2.50000000e-04
     -7.50000000e-05      1.95000000e-04      4.37500000e-04      2.50000000e-04
     -7.50000000e-06      1.95000000e-04      4.37500000e-04      2.50000000e-04
      6.00000000e-05      1.95000000e-04      4.37500000e-04      2.50000000e-04
      1.27500000e-04      1.95000000e-04      4.37500000e-04      2.50000000e-04
     -7.50000000e-05     -2.10000000e-04      5.05000000e-04      2.50000000e-04
     -7.50000000e-06     -2.10000000e-04      5.05000000e-04      2.50000000e-04
      6.00000000e-05     -2.10000000e-04      5.05000000e-04      2.50000000e-04
     -1.42500000e-04     -1.42500000e-04      5.05000000e-04      2.50000000e-04
     -7.50000000e-05     -1.42500000e-04      5.05000000e-04      2.50000000e-04
     -7.50000000e-06     -1.42500000e-04      5.05000000e-04      2.50000000e-04
      6.00000000e-05     -1.42500000e-04      5.05000000e-04      2.50000000e-04
      1.27500000e-04     -1.42500000e-04      5.05000000e-04      2.50000000e-04
     -2.10000000e-04     -7.50000000e-05      5.05000000e-04      2.50000000e-04
     -1.42500000e-04     -7.50000000e-05      5.05000000e-04      2.50000000e-04
     -7.50000000e-05     -7.50000000e-05      5.05000000e-04      2.50000000e-04
     -7.50000000e-06     -7.50000000e-05      5.05000000e-04      2.50000000e-04
      6.00000000e-05     -7.50000000e-05      5.05000000e-04      2.50000000e-04
      1.27500000e-04     -7.50000000e-05      5.05000000e-04      2.50000000e-04
      1.95000000e-04     -7.50000000e-05      5.05000000e-04      2.50000000e-04
     -2.10000000e-04     -7.50000000e-06      5.05000000e-04      2.50000000e-04
     -1.42500000e-04     -7.50000000e-06      5.05000000e-04      2.50000000e-04
     -7.50000000e-05     -7.50000000e-06      5.05000000e-04      2.50000000e-04
     -7.50000000e-06     -7.50000000e-06      5.05000000e-04      2.50000000e-04
      6.00000000e-05     -7.50000000e-06      5.05000000e-04      2.50000000e-04
      1.27500000e-04     -7.50000000e-06      5.05000000e-04      2.50000000e-04
      1.95000000e-04     -7.50000000e-06      5.05000000e-04      2.50000000e-04
     -2.10000000e-04      6.00000000e-05      5.05000000e-04      2.50000000e-04
     -1.42500000e-04      6.00000000e-05      5.05000000e-04      2.50000000e-04
     -7.50000000e-05      6.00000000e-05      5.05000000e-04      2.50000000e-04
     -7.50000000e-06      6.00000000e-05      5.05000000e-04      2.50000000e-04
      6.00000000e-05      6.00000000e-05      5.05000000e-04      2.50000000e-04
      1.27500000e-04      6.00000000e-05      5.05000000e-04      2.50000000e-04
      1.95000000e-04      6.00000000e-05      5.05000000e-04      2.50000000e-04
     -1.42500000e-04      1.27500000e-04      5.05000000e-04      2.50000000e-04
     -7.50000000e-05      1.27500000e-04      5.05000000e-04      2.50000000e-04
     -7.50000000e-06      1.27500000e-04      5.05000000e-04      2.50000000e-04
      6.00000000e-05      1.27500000e-04      5.05000000e-04      2.50000000e-04
      1.27500000e-04      1.27500000e-04      5.05000000e-04      2.50000000e-04
     -7.50000000e-05      1.95000000e-04      5.05000000e-04      2.50000000e-04
     -7.50000000e-06      1.95000000e-04      5.05000000e-04      2.50000000e-04
      6.00000000e-05      1.95000000e-04      5.05000000e-04      2.50000000e-04
     -7.50000000e-06     -2.10000000e-04      5.72500000e-04      2.50000000e-04
      6.00000000e-05     -2.10000000e-04      5.72500000e-04      2.50000000e-04
     -1.42500000e-04     -1.42500000e-04      5.72500000e-04      2.50000000e-04
     -7.50000000e-05     -1.42500000e-04      5.72500000e-04      2.50000000e-04
     -7.50000000e-06     -1.42500000e-04      5.72500000e-04      2.50000000e-04
      6.00000000e-05     -1.42500000e-04      5.72500000e-04      2.50000000e-04
      1.27500000e-04     -1.42500000e-04      5.72500000e-04      2.50000000e-04
     -1.42500000e-04     -7.50000000e-05      5.72500000e-04      2.50000000e-04
     -7.50000000e-05     -7.50000000e-05      5.72500000e-04      2.50000000e-04
     -7.50000000e-06     -7.50000000e-05      5.72500000e-04      2.50000000e-04
      6.00000000e-05     -7.50000000e-05      5.72500000e-04      2.50000000e-04
      1.27500000e-04     -7.50000000e-05      5.72500000e-04      2.50000000e-04
      1.95000000e-04     -7.50000000e-05      5.72500000e-04      2.50000000e-04
     -2.10000000e-04     -7.50000000e-06      5.72500000e-04      2.50000000e-04
     -1.42500000e-04     -7.50000000e-06      5.72500000e-04      2.50000000e-04
     -7.50000000e-05     -7.50000000e-06      5.72500000e-04      2.50000000e-04
     -7.50000000e-06     -7.50000000e-06      5.72500000e-04      2.50000000e-04
      6.00000000e-05     -7.50000000e-06      5.72500000e-04      2.50000000e-04
      1.27500000e-04     -7.50000000e-06      5.72500000e-04      2.50000000e-04
      1.95000000e-04     -7.50000000e-06      5.72500000e-04      2.50000000e-04
     -2.10000000e-04      6.00000000e-05      5.72500000e-04      2.50000000e-04
     -1.42500000e-04      6.00000000e-05      5.72500000e-04      2.50000000e-04
     -7.50000000e-05      6.00000000e-05      5.72500000e-04      2.50000000e-04
     -7.50000000e-06      6.00000000e-05      5.72500000e-04      2.50000000e-04
      6.00000000e-05      6.00000000e-05      5.72500000e-04      2.50000000e-04
      1.27500000e-04      6.00000000e-05      5.72500000e-04      2.50000000e-04
      1.95000000e-04      6.00000000e-05      5.72500000e-04      2.50000000e-04
     -1.42500000e-04      1.27500000e-04      5.72500000e-04      2.50000000e-04
     -7.50000000e-05      1.27500000e-04      5.72500000e-04      2.50000000e-04
     -7.50000000e-06      1.27500000e-04      5.72500000e-04      2.50000000e-04
      6.00000000e-05      1.27500000e-04      5.72500000e-04      2.50000000e-04
      1.27500000e-04      1.27500000e-04      5.72500000e-04      2.50000000e-04
     -7.50000000e-05      1.95000000e-04      5.72500000e-04      2.50000000e-04
     -7.50000000e-06      1.95000000e-04      5.72500000e-04      2.50000000e-04
      6.00000000e-05      1.95000000e-04      5.72500000e-04      2.50000000e-04
     -7.50000000e-06     -2.10000000e-04      6.40000000e-04      2.50000000e-04
     -1.42500000e-04     -1.42500000e-04      6.40000000e-04      2.50000000e-04
     -7.50000000e-05     -1.42500000e-04      6.40000000e-04      2.50000000e-04
     -7.50000000e-06     -1.42500000e-04      6.40000000e-04      2.50000000e-04
      6.00000000e-05     -1.42500000e-04      6.40000000e-04      2.50000000e-04
      1.27500000e-04     -1.42500000e-04      6.40000000e-04      2.50000000e-04
     -1.42500000e-04     -7.50000000e-05      6.40000000e-04      2.50000000e-04
     -7.50000000e-05     -7.50000000e-05      6.40000000e-04      2.50000000e-04
     -7.50000000e-06     -7.50000000e-05      6.40000000e-04      2.50000000e-04
      6.00000000e-05     -7.50000000e-05      6.40000000e-04      2.50000000e-04
      1.27500000e-04     -7.50000000e-05      6.40000000e-04      2.50000000e-04
      1.95000000e-04     -7.50000000e-05      6.40000000e-04      2.50000000e-04
     -2.10000000e-04     -7.50000000e-06      6.40000000e-04      2.50000000e-04
     -1.42500000e-04     -7.50000000e-06      6.40000000e-04      2.50000000e-04
     -7.50000000e-05     -7.50000000e-06      6.40000000e-04      2.50000000e-04
     -7.50000000e-06     -7.50000000e-06      6.40000000e-04      2.50000000e-04
      6.00000000e-05     -7.50000000e-06      6.40000000e-04      2.50000000e-04
      1.27500000e-04     -7.50000000e-06      6.40000000e-04      2.50000000e-04
      1.95000000e-04     -7.50000000e-06      6.40000000e-04      2.50000000e-04
     -1.42500000e-04      6.00000000e-05      6.40000000e-04      2.50000000e-04
     -7.50000000e-05      6.00000000e-05      6.40000000e-04      2.50000000e-04
     -7.50000000e-06      6.00000000e-05      6.40000000e-04      2.50000000e-04
      6.00000000e-05      6.00000000e-05      6.40000000e-04      2.50000000e-04
      1.27500000e-04      6.00000000e-05      6.40000000e-04      2.50000000e-04
      1.95000000e-04      6.00000000e-05      6.40000000e-04      2.50000000e-04
     -1.42500000e-04      1.27500000e-04      6.40000000e-04      2.50000000e-04
     -7.50000000e-05      1.27500000e-04      6.40000000e-04      2.50000000e-04
     -7.50000000e-06      1.27500000e-04      6.40000000e-04      2.50000000e-04
      6.00000000e-05      1.27500000e-04      6.40000000e-04      2.50000000e-04
      1.27500000e-04      1.27500000e-04      6.40000000e-04      2.50000000e-04
     -7.50000000e-05      1.95000000e-04      6.40000000e-04      2.50000000e-04
     -7.50000000e-06      1.95000000e-04      6.40000000e-04      2.50000000e-04
      6.00000000e-05      1.95000000e-04      6.40000000e-04      2.50000000e-04
     -1.42500000e-04     -1.42500000e-04      7.07500000e-04      2.50000000e-04
     -7.50000000e-05     -1.42500000e-04      7.07500000e-04      2.50000000e-04
     -7.50000000e-06     -1.42500000e-04      7.07500000e-04      2.50000000e-04
      6.00000000e-05     -1.42500000e-04      7.07500000e-04      2.50000000e-04
      1.27500000e-04     -1.42500000e-04      7.07500000e-04      2.50000000e-04
     -1.42500000e-04     -7.50000000e-05      7.07500000e-04      2.50000000e-04
     -7.50000000e-05     -7.50000000e-05      7.07500000e-04      2.50000000e-04
     -7.50000000e-06     -7.50000000e-05      7.07500000e-04      2.50000000e-04
      6.00000000e-05     -7.50000000e-05      7.07500000e-04      2.50000000e-04
      1.27500000e-04     -7.50000000e-05      7.07500000e-04      2.50000000e-04
     -1.42500000e-04     -7.50000000e-06      7.07500000e-04      2.50000000e-04
     -7.50000000e-05     -7.50000000e-06      7.07500000e-04      2.50000000e-04
     -7.50000000e-06     -7.50000000e-06      7.07500000e-04      2.50000000e-04
      6.00000000e-05     -7.50000000e-06      7.07500000e-04      2.50000000e-04
      1.27500000e-04     -7.50000000e-06      7.07500000e-04      2.50000000e-04
      1.95000000e-04     -7.50000000e-06      7.07500000e-04      2.50000000e-04
     -1.42500000e-04      6.00000000e-05      7.07500000e-04      2.50000000e-04
     -7.50000000e-05      6.00000000e-05      7.07500000e-04      2.50000000e-04
     -7.50000000e-06      6.00000000e-05      7.07500000e-04      2.50000000e-04
      6.00000000e-05      6.00000000e-05      7.07500000e-04      2.50000000e-04
      1.27500000e-04      6.00000000e-05      7.07500000e-04      2.50000000e-04
      1.95000000e-04      6.00000000e-05      7.07500000e-04      2.50000000e-04
     -1.42500000e-04      1.27500000e-04      7.07500000e-04      2.50000000e-04
     -7.50000000e-05      1.27500000e-04      7.07500000e-04      2.50000000e-04
     -7.50000000e-06      1.27500000e-04      7.07500000e-04      2.50000000e-04
      6.00000000e-05      1.27500000e-04      7.07500000e-04      2.50000000e-04
      1.27500000e-04      1.27500000e-04      7.07500000e-04      2.50000000e-04
     -7.50000000e-06      1.95000000e-04      7.07500000e-04      2.50000000e-04
      6.00000000e-05      1.95000000e-04      7.07500000e-04      2.50000000e-04
     -7.50000000e-05     -1.42500000e-04      7.75000000e-04      2.50000000e-04
     -7.50000000e-06     -1.42500000e-04      7.75000000e-04      2.50000000e-04
      6.00000000e-05     -1.42500000e-04      7.75000000e-04      2.50000000e-04
      1.27500000e-04     -1.42500000e-04      7.75000000e-04      2.50000000e-04
     -1.42500000e-04     -7.50000000e-05      7.75000000e-04      2.50000000e-04
     -7.50000000e-05     -7.50000000e-05      7.75000000e-04      2.50000000e-04
     -7.50000000e-06     -7.50000000e-05      7.75000000e-04      2.50000000e-04
      6.00000000e-05     -7.50000000e-05      7.75000000e-04      2.50000000e-04
      1.27500000e-04     -7.50000000e-05      7.75000000e-04      2.50000000e-04
     -1.42500000e-04     -7.50000000e-06      7.75000000e-04      2.50000000e-04
     -7.50000000e-05     -7.50000000e-06      7.75000000e-04      2.50000000e-04
     -7.50000000e-06     -7.50000000e-06      7.75000000e-04      2.50000000e-04
      6.00000000e-05     -7.50000000e-06      7.75000000e-04      2.50000000e-04
      1.27500000e-04     -7.50000000e-06      7.75000000e-04      2.50000000e-04
      1.95000000e-04     -7.50000000e-06      7.75000000e-04      2.50000000e-04
     -1.42500000e-04      6.00000000e-05      7.75000000e-04      2.50000000e-04
     -7.50000000e-05      6.00000000e-05      7.75000000e-04      2.50000000e-04
     -7.50000000e-06      6.00000000e-05      7.75000000e-04      2.50000000e-04
      6.00000000e-05      6.00000000e-05      7.75000000e-04      2.50000000e-04
      1.27500000e-04      6.00000000e-05      7.75000000e-04      2.50000000e-04
     -1.42500000e-04      1.27500000e-04      7.75000000e-04      2.50000000e-04
     -7.50000000e-05      1.27500000e-04      7.75000000e-04      2.50000000e-04
     -7.50000000e-06      1.27500000e-04      7.75000000e-04      2.50000000e-04
      6.00000000e-05      1.27500000e-04      7.75000000e-04      2.50000000e-04
      1.27500000e-04      1.27500000e-04      7.75000000e-04      2.50000000e-04
     -7.50000000e-06      1.95000000e-04      7.75000000e-04      2.50000000e-04
     -7.50000000e-05     -1.42500000e-04      8.42500000e-04      2.50000000e-04
     -7.50000000e-06     -1.42500000e-04      8.42500000e-04      2.50000000e-04
      6.00000000e-05     -1.42500000e-04      8.42500000e-04      2.50000000e-04
     -1.42500000e-04     -7.50000000e-05      8.42500000e-04      2.50000000e-04
     -7.50000000e-05     -7.50000000e-05      8.42500000e-04      2.50000000e-04
     -7.50000000e-06     -7.50000000e-05      8.42500000e-04      2.50000000e-04
      6.00000000e-05     -7.50000000e-05      8.42500000e-04      2.50000000e-04
      1.27500000e-04     -7.50000000e-05      8.42500000e-04      2.50000000e-04
     -1.42500000e-04     -7.50000000e-06      8.42500000e-04      2.50000000e-04
     -7.50000000e-05     -7.50000000e-06      8.42500000e-04      2.50000000e-04
     -7.50000000e-06     -7.50000000e-06      8.42500000e-04      2.50000000e-04
      6.00000000e-05     -7.50000000e-06      8.42500000e-04      2.50000000e-04
      1.27500000e-04     -7.50000000e-06      8.42500000e-04      2.50000000e-04
     -1.42500000e-04      6.00000000e-05      8.42500000e-04      2.50000000e-04
     -7.50000000e-05      6.00000000e-05      8.42500000e-04      2.50000000e-04
     -7.50000000e-06      6.00000000e-05      8.42500000e-04      2.50000000e-04
      6.00000000e-05      6.00000000e-05      8.42500000e-04      2.50000000e-04
      1.27500000e-04      6.00000000e-05      8.42500000e-04      2.50000000e-04
     -7.50000000e-05      1.27500000e-04      8.42500000e-04      2.50000000e-04
     -7.50000000e-06      1.27500000e-04      8.42500000e-04      2.50000000e-04
      6.00000000e-05      1.27500000e-04      8.42500000e-04      2.50000000e-04
      1.27500000e-04      1.27500000e-04      8.42500000e-04      2.50000000e-04
     -7.50000000e-05     -1.42500000e-04      9.10000000e-04      2.50000000e-04
     -7.50000000e-06     -1.42500000e-04      9.10000000e-04      2.50000000e-04
      6.00000000e-05     -1.42500000e-04      9.10000000e-04      2.50000000e-04
     -1.42500000e-04     -7.50000000e-05      9.10000000e-04      2.50000000e-04
     -7.50000000e-05     -7.50000000e-05      9.10000000e-04      2.50000000e-04
     -7.50000000e-06     -7.50000000e-05      9.10000000e-04      2.50000000e-04
      6.00000000e-05     -7.50000000e-05      9.10000000e-04      2.50000000e-04
      1.27500000e-04     -7.50000000e-05      9.10000000e-04      2.50000000e-04
     -1.42500000e-04     -7.50000000e-06      9.10000000e-04      2.50000000e-04
     -7.50000000e-05     -7.50000000e-06      9.10000000e-04      2.50000000e-04
     -7.50000000e-06     -7.50000000e-06      9.10000000e-04      2.50000000e-04
      6.00000000e-05     -7.50000000e-06      9.10000000e-04      2.50000000e-04
      1.27500000e-04     -7.50000000e-06      9.10000000e-04      2.50000000e-04
     -1.42500000e-04      6.00000000e-05      9.10000000e-04      2.50000000e-04
     -7.50000000e-05      6.00000000e-05      9.10000000e-04      2.50000000e-04
     -7.50000000e-06      6.00000000e-05      9.10000000e-04      2.50000000e-04
      6.00000000e-05      6.00000000e-05      9.10000000e-04      2.50000000e-04
      1.27500000e-04      6.00000000e-05      9.10000000e-04      2.50000000e-04
     -7.50000000e-05      1.27500000e-04      9.10000000e-04      2.50000000e-04
     -7.50000000e-06      1.27500000e-04      9.10000000e-04      2.50000000e-04
      6.00000000e-05      1.27500000e-04      9.10000000e-04      2.50000000e-04
     -7.50000000e-06     -1.42500000e-04      9.77500000e-04      2.50000000e-04
      6.00000000e-05     -1.42500000e-04      9.77500000e-04      2.50000000e-04
     -7.50000000e-05     -7.50000000e-05      9.77500000e-04      2.50000000e-04
     -7.50000000e-06     -7.50000000e-05      9.77500000e-04      2.50000000e-04
      6.00000000e-05     -7.50000000e-05      9.77500000e-04      2.50000000e-04
      1.27500000e-04     -7.50000000e-05      9.77500000e-04      2.50000000e-04
     -1.42500000e-04     -7.50000000e-06      9.77500000e-04      2.50000000e-04
     -7.50000000e-05     -7.50000000e-06      9.77500000e-04      2.50000000e-04
     -7.50000000e-06     -7.50000000e-06      9.77500000e-04      2.50000000e-04
      6.00000000e-05     -7.50000000e-06      9.77500000e-04      2.50000000e-04
      1.27500000e-04     -7.50000000e-06      9.77500000e-04      2.50000000e-04
     -1.42500000e-04      6.00000000e-05      9.77500000e-04      2.50000000e-04
     -7.50000000e-05      6.00000000e-05      9.77500000e-04      2.50000000e-04
     -7.50000000e-06      6.00000000e-05      9.77500000e-04      2.50000000e-04
      6.00000000e-05      6.00000000e-05      9.77500000e-04      2.50000000e-04
      1.27500000e-04      6.00000000e-05      9.77500000e-04      2.50000000e-04
     -7.50000000e-05      1.27500000e-04      9.77500000e-04      2.50000000e-04
     -7.50000000e-06      1.27500000e-04      9.77500000e-04      2.50000000e-04
      6.00000000e-05      1.27500000e-04      9.77500000e-04      2.50000000e-04
     -7.50000000e-05     -7.50000000e-05      1.04500000e-03      2.50000000e-04
     -7.50000000e-06     -7.50000000e-05      1.04500000e-03      2.50000000e-04
      6.00000000e-05     -7.50000000e-05      1.04500000e-03      2.50000000e-04
     -7.50000000e-05     -7.50000000e-06      1.04500000e-03      2.50000000e-04
     -7.50000000e-06     -7.50000000e-06      1.04500000e-03      2.50000000e-04
      6.00000000e-05     -7.50000000e-06      1.04500000e-03      2.50000000e-04
      1.27500000e-04     -7.50000000e-06      1.04500000e-03      2.50000000e-04
     -7.50000000e-05      6.00000000e-05      1.04500000e-03      2.50000000e-04
     -7.50000000e-06      6.00000000e-05      1.04500000e-03      2.50000000e-04
      6.00000000e-05      6.00000000e-05      1.04500000e-03      2.50000000e-04
     -7.50000000e-06      1.27500000e-04      1.04500000e-03      2.50000000e-04
     -7.50000000e-05     -7.50000000e-05      1.11250000e-03      2.50000000e-04
     -7.50000000e-06     -7.50000000e-05      1.11250000e-03      2.50000000e-04
      6.00000000e-05     -7.50000000e-05      1.11250000e-03      2.50000000e-04
     -7.50000000e-05     -7.50000000e-06      1.11250000e-03      2.50000000e-04
     -7.50000000e-06     -7.50000000e-06      1.11250000e-03      2.50000000e-04
      6.00000000e-05     -7.50000000e-06      1.11250000e-03      2.50000000e-04
     -7.50000000e-05      6.00000000e-05      1.11250000e-03      2.50000000e-04
     -7.50000000e-06      6.00000000e-05      1.11250000e-03      2.50000000e-04
      6.00000000e-05      6.00000000e-05      1.11250000e-03      2.50000000e-04
     -7.50000000e-06     -7.50000000e-05      1.18000000e-03      2.50000000e-04
     -7.50000000e-05     -7.50000000e-06      1.18000000e-03      2.50000000e-04
     -7.50000000e-06     -7.50000000e-06      1.18000000e-03      2.50000000e-04
      6.00000000e-05     -7.50000000e-06      1.18000000e-03      2.50000000e-04
     -7.50000000e-06      6.00000000e-05      1.18000000e-03      2.50000000e-04
     -7.50000000e-06     -7.50000000e-06      1.24750000e-03      2.50000000e-04
